---------------------------------------------------
1.naloga: SUDOKU		
-------------------------------------------------------

Napišite program, ki na vhodu dobi 2D 9x9 igralno polje igre sudoku in avtomatsko pravilno reši igro Sudoku.
Če rešitve ni naj to sporoči.

Vhod: 

        int[][] polje = {
        		{0,8,0,4,0,2,0,6,0},
        		{0,3,4,0,0,0,9,1,0},
        		{9,6,0,0,0,0,0,8,4},
        		{0,0,0,2,1,6,0,0,0},
        		{0,0,0,0,0,0,0,0,0},
        		{0,0,0,3,5,7,0,0,0},
        		{8,4,0,0,0,0,0,7,5},
        		{0,2,6,0,0,0,1,3,0},
        		{0,9,0,7,0,1,0,4,0}
        };
		
Izhod:

 -----------------------
|   8   | 4   2 |   6   |
|   3 4 |       | 9 1   |
| 9 6   |       |   8 4 |
 -----------------------
|       | 2 1 6 |       |
|       |       |       |
|       | 3 5 7 |       |
 -----------------------
| 8 4   |       |   7 5 |
|   2 6 |       | 1 3   |
|   9   | 7   1 |   4   |
 -----------------------
 -----------------------
| 1 8 7 | 4 9 2 | 5 6 3 |
| 5 3 4 | 6 7 8 | 9 1 2 |
| 9 6 2 | 1 3 5 | 7 8 4 |
 -----------------------
| 4 5 8 | 2 1 6 | 3 9 7 |
| 2 7 3 | 8 4 9 | 6 5 1 |
| 6 1 9 | 3 5 7 | 4 2 8 |
 -----------------------
| 8 4 1 | 9 6 3 | 2 7 5 |
| 7 2 6 | 5 8 4 | 1 3 9 |
| 3 9 5 | 7 2 1 | 8 4 6 |
 -----------------------
